[[0.097 0.097 0.097 0.097 0.097 0.097 0.097 0.097 0.097 0.097]
 [0.095 0.095 0.095 0.095 0.095 0.095 0.095 0.095 0.095 0.095]
 [0.093 0.093 0.093 0.093 0.093 0.093 0.093 0.093 0.093 0.093]
 [0.091 0.091 0.091 0.091 0.091 0.091 0.091 0.091 0.091 0.091]
 [0.089 0.089 0.089 0.089 0.089 0.089 0.089 0.089 0.089 0.089]
 [0.087 0.087 0.087 0.087 0.087 0.087 0.087 0.087 0.087 0.087]
 [0.086 0.086 0.086 0.085 0.085 0.085 0.085 0.086 0.086 0.086]
 [0.084 0.084 0.084 0.084 0.084 0.084 0.084 0.084 0.084 0.084]
 [0.083 0.082 0.082 0.082 0.082 0.082 0.082 0.082 0.082 0.083]
 [0.081 0.081 0.081 0.081 0.081 0.081 0.081 0.081 0.081 0.081]]
